# FDC raw I/O event stream — GENUINE roa375 | BUGGY mame (seek/recal &7) | SW1711-I8.imd
# seq  t(s)      dir port val  msr
    1    0.8110  W   05  03   80
    2    0.8110  W   05  4F   90
    3    0.8110  W   05  20   90
    4    1.2658  W   05  04   80
    5    1.2658  W   05  00   90
    6    1.2659  R   05  38   D0
    7    1.2660  W   05  07   80
    8    1.2660  W   05  00   90
    9    1.2661  W   05  08   81
   10    1.2662  R   05  20   D1
   11    1.2662  R   05  00   D0
   12    1.2697  W   05  0F   80
   13    1.2697  W   05  04   90
   14    1.2698  W   05  00   90
   15    1.2699  W   05  08   81
   16    1.2699  R   05  24   D1
   17    1.2699  R   05  00   D0
   18    1.2735  W   05  0F   80
   19    1.2735  W   05  00   90
   20    1.2735  W   05  00   90
   21    1.2736  W   05  08   81
   22    1.2737  R   05  20   D1
   23    1.2737  R   05  00   D0
   24    1.2773  W   05  0A   80
   25    1.2774  W   05  00   90
   26    1.2826  R   05  00   D0
   27    1.2827  R   05  00   D0
   28    1.2827  R   05  00   D0
   29    1.2828  R   05  00   D0
   30    1.2828  R   05  00   D0
   31    1.2829  R   05  14   D0
   32    1.2830  R   05  00   D0
   33    1.2851  W   05  0F   80
   34    1.2851  W   05  00   90
   35    1.2851  W   05  00   90
   36    1.2852  W   05  08   81
   37    1.2853  R   05  20   D1
   38    1.2853  R   05  00   D0
   39    1.2892  W   05  06   80
   40    1.2893  W   05  00   90
   41    1.2893  W   05  00   90
   42    1.2894  W   05  00   90
   43    1.2894  W   05  01   90
   44    1.2895  W   05  00   90
   45    1.2895  W   05  1A   90
   46    1.2896  W   05  07   90
   47    1.2896  W   05  80   90
   48    1.4897  R   05  00   D0
   49    1.4898  R   05  00   D0
   50    1.4898  R   05  00   D0
   51    1.4899  R   05  01   D0
   52    1.4900  R   05  00   D0
   53    1.4900  R   05  01   D0
   54    1.4901  R   05  00   D0
   55    1.5427  W   05  03   80
   56    1.5427  W   05  DF   90
   57    1.5427  W   05  28   90
