# FDC raw I/O event stream — clang autoload-in-c | MAME mame | SW1711-I8.imd
# seq  t(s)      dir port val  msr
    1    0.8042  W   05  03   80
    2    0.8042  W   05  4F   90
    3    0.8043  W   05  20   90
    4    1.5553  W   05  04   80
    5    1.5554  W   05  00   90
    6    1.5554  R   05  38   D0
    7    1.5554  W   05  07   80
    8    1.5555  W   05  00   90
    9    1.5555  W   05  08   81
   10    1.5556  R   05  20   D1
   11    1.5556  R   05  00   D0
   12    1.5597  W   05  0F   80
   13    1.5597  W   05  04   90
   14    1.5598  W   05  00   90
   15    1.5598  W   05  08   81
   16    1.5598  R   05  20   D1
   17    1.5599  R   05  00   D0
   18    1.5638  W   05  0A   80
   19    1.5639  W   05  04   90
   20    1.5866  R   05  44   D0
   21    1.5866  R   05  25   D0
   22    1.5866  R   05  00   D0
   23    1.5867  R   05  F8   D0
   24    1.5867  R   05  3F   D0
   25    1.5868  R   05  FF   D0
   26    1.5869  R   05  FF   D0
   27    1.5879  W   05  0F   80
   28    1.5879  W   05  04   90
   29    1.5879  W   05  00   90
   30    1.5880  W   05  08   81
   31    1.5880  R   05  20   D1
   32    1.5880  R   05  00   D0
   33    1.5922  W   05  4A   80
   34    1.5922  W   05  04   90
   35    1.5960  R   05  04   D0
   36    1.5961  R   05  00   D0
   37    1.5962  R   05  00   D0
   38    1.5962  R   05  00   D0
   39    1.5963  R   05  01   D0
   40    1.5963  R   05  12   D0
   41    1.5964  R   05  01   D0
   42    1.5969  W   05  0F   80
   43    1.5970  W   05  00   90
   44    1.5970  W   05  00   90
   45    1.5970  W   05  08   81
   46    1.5971  R   05  20   D1
   47    1.5971  R   05  00   D0
   48    1.6011  W   05  0A   80
   49    1.6011  W   05  00   90
   50    1.6040  R   05  00   D0
   51    1.6041  R   05  00   D0
   52    1.6041  R   05  00   D0
   53    1.6042  R   05  00   D0
   54    1.6042  R   05  00   D0
   55    1.6043  R   05  12   D0
   56    1.6043  R   05  00   D0
   57    1.6058  W   05  0F   80
   58    1.6058  W   05  00   90
   59    1.6059  W   05  00   90
   60    1.6059  W   05  08   81
   61    1.6059  R   05  20   D1
   62    1.6060  R   05  00   D0
   63    1.6103  W   05  06   80
   64    1.6103  W   05  00   90
   65    1.6104  W   05  00   90
   66    1.6105  W   05  00   90
   67    1.6105  W   05  01   90
   68    1.6106  W   05  00   90
   69    1.6106  W   05  1A   90
   70    1.6107  W   05  07   90
   71    1.6107  W   05  80   90
   72    1.8230  R   05  00   D0
   73    1.8231  R   05  00   D0
   74    1.8231  R   05  00   D0
   75    1.8231  R   05  01   D0
   76    1.8232  R   05  00   D0
   77    1.8233  R   05  01   D0
   78    1.8233  R   05  00   D0
   79    1.8243  W   05  0F   80
   80    1.8243  W   05  04   90
   81    1.8243  W   05  00   90
   82    1.8244  W   05  08   81
   83    1.8244  R   05  20   D1
   84    1.8244  R   05  00   D0
   85    1.8286  W   05  0A   80
   86    1.8286  W   05  04   90
   87    1.8407  R   05  44   D0
   88    1.8408  R   05  25   D0
   89    1.8408  R   05  00   D0
   90    1.8409  R   05  DF   D0
   91    1.8409  R   05  FF   D0
   92    1.8410  R   05  7B   D0
   93    1.8410  R   05  7A   D0
   94    1.8447  W   05  0F   80
   95    1.8448  W   05  04   90
   96    1.8448  W   05  00   90
   97    1.8449  W   05  08   81
   98    1.8449  R   05  20   D1
   99    1.8449  R   05  00   D0
  100    1.8490  W   05  4A   80
  101    1.8491  W   05  04   90
  102    1.8526  R   05  04   D0
  103    1.8526  R   05  00   D0
  104    1.8527  R   05  00   D0
  105    1.8527  R   05  00   D0
  106    1.8528  R   05  01   D0
  107    1.8528  R   05  04   D0
  108    1.8529  R   05  01   D0
  109    1.8538  W   05  0F   80
  110    1.8538  W   05  04   90
  111    1.8538  W   05  00   90
  112    1.8539  W   05  08   81
  113    1.8539  R   05  20   D1
  114    1.8539  R   05  00   D0
  115    1.8583  W   05  46   80
  116    1.8583  W   05  04   90
  117    1.8584  W   05  00   90
  118    1.8584  W   05  01   90
  119    1.8585  W   05  01   90
  120    1.8585  W   05  01   90
  121    1.8586  W   05  1A   90
  122    1.8586  W   05  0E   90
  123    1.8587  W   05  80   90
  124    2.1447  R   05  04   D0
  125    2.1447  R   05  00   D0
  126    2.1448  R   05  00   D0
  127    2.1449  R   05  01   D0
  128    2.1449  R   05  01   D0
  129    2.1450  R   05  01   D0
  130    2.1450  R   05  01   D0
  131    2.1996  W   05  03   80
  132    2.1996  W   05  DF   90
  133    2.1996  W   05  28   90
